   0.00000  3157.929209953513691
   0.00180  2848.476163533704494
   0.00360  2557.354749546449966
   0.00540  2283.615037949688030
   0.00720  2026.353771484170920
   0.00900  1784.712127236268543
   0.01080  1557.873584318679605
   0.01260  1345.061892667045186
   0.01440  1145.539138185466072
   0.01620   958.603899698091823
   0.01800   783.589493377439567
   0.01980   619.862300523637828
   0.02160   466.820174762800661
   0.02340   323.890924917607151
   0.02520   190.530869979314048
   0.02700    66.223462778402194
   0.02880   -49.522020888937668
   0.03060  -157.171730768712678
   0.03240  -257.168431236356867
   0.03420  -349.932633769596293
   0.03600  -435.863675481295957
   0.03780  -515.340746260759488
   0.03960  -588.723866952046365
   0.04140  -656.354820883576622
   0.04320  -718.558040954364401
   0.04500  -775.641454378411709
   0.04680  -827.897287089874681
   0.04860  -875.602829717300210
   0.05040  -919.021166945410300
   0.05220  -958.401871997242438
   0.05400  -993.981667887866138
   0.05580 -1025.985057023101717
   0.05760 -1054.624920642554343
   0.05940 -1080.103089535627532
   0.06120 -1102.610887391868800
   0.06300 -1122.329648082830772
   0.06480 -1139.431208111498336
   0.06660 -1154.078375407063049
   0.06840 -1166.425375587291001
   0.07020 -1176.618276757814556
   0.07200 -1184.795393867250368
   0.07380 -1191.087673588980124
   0.07560 -1195.619060654631085
   0.07740 -1198.506846520650015
   0.07920 -1199.862001207765161
   0.08100 -1199.789489113495620
   0.08280 -1198.388569560091582
   0.08460 -1195.753082804293399
   0.08640 -1191.971722200993327
   0.08820 -1187.128293180192941
   0.09000 -1181.301959665495360
   0.09180 -1174.567478532696214
   0.09360 -1166.995422678729710
   0.09540 -1158.652393244286941
   0.09720 -1149.601221507725086
   0.09900 -1139.901160943408968
   0.10080 -1129.608069914296493
   0.10260 -1118.774585446361471
   0.10440 -1107.450288511250164
   0.10620 -1095.681861223397391
   0.10800 -1083.513236338585557
   0.10980 -1070.985739422607594
   0.11160 -1058.138224041229023
   0.11340 -1045.007200306000868
   0.11520 -1031.626957094625823
   0.11700 -1018.029678249459153
   0.11880 -1004.245553043339442
   0.12060  -990.302881188219430
   0.12240  -976.228172648996633
   0.12420  -962.046242512491062
   0.12600  -947.780301149643947
   0.12780  -933.452039897710506
   0.12960  -919.081712478438931
   0.13140  -904.688212357966336
   0.13320  -890.289146244378912
   0.13500  -875.900903909563112
   0.13680  -861.538724513098146
   0.13860  -847.216759597475630
   0.14040  -832.948132915874680
   0.14220  -818.744997246038565
   0.14400  -804.618588336483981
   0.14580  -790.579276124300918
   0.14760  -776.636613357157785
   0.14940  -762.799381745807523
   0.15120  -749.075635767343783
   0.15300  -735.472744233736194
   0.15480  -721.997429734681532
   0.15660  -708.655806058607141
   0.15840  -695.453413690691264
   0.16020  -682.395253482036651
   0.16200  -669.485818579626198
   0.16380  -656.729124702393392
   0.16560  -644.128738844655572
   0.16740  -631.687806484258203
   0.16920  -619.409077369064107
   0.17100  -607.294929951895597
   0.17280  -595.347394540656524
   0.17460  -583.568175227167558
   0.17640  -571.958670655178025
   0.17820  -560.519993685119061
   0.18000  -549.252990010382291
   0.18180  -538.158255777273780
   0.18360  -527.236154258267106
   0.18540  -516.486831625801869
   0.18720  -505.910231871571341
   0.18900  -495.506110914086435
   0.19080  -485.274049935221115
   0.19260  -475.213467984486897
   0.19440  -465.323633887887183
   0.19620  -455.603677496439559
   0.19800  -446.052600307723765
   0.19980  -436.669285492214328
   0.20160  -427.452507354604506
   0.20340  -418.400940258847868
   0.20520  -409.513167044264037
   0.20700  -400.787686958704057
   0.20880  -392.222923133509880
   0.21060  -383.817229623787398
   0.21240  -375.568898036375913
   0.21420  -367.476163766777461
   0.21600  -359.537211865287418
   0.21780  -351.750182551566070
   0.21960  -344.113176395938297
   0.22140  -336.624259184823472
   0.22320  -329.281466486824058
   0.22500  -322.082807935198048
   0.22680  -315.026271241655650
   0.22860  -308.109825955682879
   0.23040  -301.331426982899472
   0.23220  -294.689017875266586
   0.23400  -288.180533905353229
   0.23580  -281.803904936231049
   0.23760  -275.557058098017876
   0.23940  -269.437920281517961
   0.24120  -263.444420458897355
   0.24300  -257.574491840834185
   0.24480  -251.826073879097777
   0.24660  -246.197114123079416
   0.24840  -240.685569938346816
   0.25020  -235.289410094907367
   0.25200  -230.006616232457077
   0.25380  -224.835184209539335
   0.25560  -219.773125343174627
   0.25740  -214.818467545194068
   0.25920  -209.969256361190531
   0.26100  -205.223555917694085
   0.26280  -200.579449782900809
   0.26460  -196.035041745995557
   0.26640  -191.588456519866838
   0.26820  -187.237840371746586
   0.27000  -182.981361686087041
   0.27180  -178.817211463751988
   0.27360  -174.743603761395377
   0.27540  -170.758776074691667
   0.27720  -166.860989668892984
   0.27900  -163.048529860006738
   0.28080  -159.319706249709014
   0.28260  -155.672852916947193
   0.28440  -152.106328569029785
   0.28620  -148.618516654846644
   0.28800  -145.207825442727142
   0.28980  -141.872688065304118
   0.29160  -138.611562533628614
   0.29340  -135.422931722653061
   0.29520  -132.305303330089430
   0.29700  -129.257209810538001
   0.29880  -126.277208286676228
   0.30060  -123.363880439202774
   0.30240  -120.515832377131900
   0.30420  -117.731694489948779
   0.30600  -115.010121283052328
   0.30780  -112.349791197823336
   0.30960  -109.749406417594201
   0.31140  -107.207692660707295
   0.31320  -104.723398961795809
   0.31500  -102.295297442341848
   0.31680   -99.922183071518006
   0.31860   -97.602873418248322
   0.32040   -95.336208395376559
   0.32220   -93.121049996773138
   0.32400   -90.956282028165830
   0.32580   -88.840809832426530
   0.32760   -86.773560010005028
   0.32940   -84.753480135160913
   0.33120   -82.779538468594851
   0.33300   -80.850723667055831
   0.33480   -78.966044490449988
   0.33660   -77.124529506957273
   0.33840   -75.325226796615624
   0.34020   -73.567203653812811
   0.34200   -71.849546289091037
   0.34380   -70.171359530642931
   0.34560   -68.531766525853442
   0.34740   -66.929908443214941
   0.34920   -65.364944174921206
   0.35100   -63.836050040424610
   0.35280   -62.342419491217441
   0.35460   -60.883262817082070
   0.35640   -59.457806854031944
   0.35820   -58.065294694154979
   0.36000   -56.704985397544938
   0.36180   -55.376153706496737
   0.36360   -54.078089762130688
   0.36540   -52.810098823585029
   0.36720   -51.571500989915940
   0.36900   -50.361630924821512
   0.37080   -49.179837584305155
   0.37260   -48.025483947369722
   0.37440   -46.897946749838539
   0.37620   -45.796616221374585
   0.37800   -44.720895825775962
   0.37980   -43.670202004599766
   0.38160   -42.643963924176731
   0.38340   -41.641623226056311
   0.38520   -40.662633780922604
   0.38700   -39.706461446015197
   0.38880   -38.772583826080890
   0.39060   -37.860490037872111
   0.39240   -36.969680478215224
   0.39420   -36.099666595651755
   0.39600   -35.249970665660690
   0.39780   -34.420125569464901
   0.39960   -33.609674576412417
   0.40140   -32.818171129935521
   0.40320   -32.045178637066570
   0.40500   -31.290270261505391
   0.40680   -30.553028720218258
   0.40860   -29.833046083548176
   0.41040   -29.129923578817074
   0.41220   -28.443271397394110
   0.41400   -27.772708505204857
   0.41580   -27.117862456650286
   0.41760   -26.478369211910646
   0.41940   -25.853872957594916
   0.42120   -25.244025930710691
   0.42300   -24.648488245911704
   0.42480   -24.066927725995413
   0.42660   -23.499019735603888
   0.42840   -22.944447018100568
   0.43020   -22.402899535573574
   0.43200   -21.874074311934820
   0.43380   -21.357675279068022
   0.43560   -20.853413125987743
   0.43740   -20.361005150968616
   0.43920   -19.880175116598231
   0.44100   -19.410653107719966
   0.44280   -18.952175392211679
   0.44460   -18.504484284570566
   0.44640   -18.067328012249018
   0.44820   -17.640460584708030
   0.45000   -17.223641665139546
   0.45180   -16.816636444816304
   0.45360   -16.419215520028008
   0.45540   -16.031154771558278
   0.45720   -15.652235246661572
   0.45900   -15.282243043497523
   0.46080   -14.920969197977429
   0.46260   -14.568209572988078
   0.46440   -14.223764749942358
   0.46620   -13.887439922620981
   0.46800   -13.559044793263597
   0.46980   -13.238393470866949
   0.47160   -12.925304371649293
   0.47340   -12.619600121645247
   0.47520   -12.321107461385505
   0.47700   -12.029657152627582
   0.47880   -11.745083887096142
   0.48060   -11.467226197194691
   0.48240   -11.195926368651854
   0.48420   -10.931030355065463
   0.48600   -10.672387694304897
   0.48780   -10.419851426739823
   0.48960   -10.173278015254050
   0.49140    -9.932527267014368
   0.49320    -9.697462256955891
   0.49500    -9.467949252952579
   0.49680    -9.243857642634046
   0.49860    -9.025059861824403
   0.50040    -8.811431324559305
   0.50220    -8.602850354657621
   0.50400    -8.399198118812956
   0.50580    -8.200358561171450
   0.50760    -8.006218339370674
   0.50940    -7.816666762003255
   0.51120    -7.631595727479645
   0.51300    -7.450899664260335
   0.51480    -7.274475472428188
   0.51660    -7.102222466569863
   0.51840    -6.934042319947276
   0.52020    -6.769839009920453
   0.52200    -6.609518764604205
   0.52380    -6.452990010727833
   0.52560    -6.300163322674690
   0.52740    -6.150951372672298
   0.52920    -6.005268882115011
   0.53100    -5.863032573987814
   0.53280    -5.724161126371774
   0.53460    -5.588575127005857
   0.53640    -5.456197028883913
   0.53820    -5.326951106863387
   0.54000    -5.200763415261100
   0.54180    -5.077561746421466
   0.54360    -4.957275590225807
   0.54540    -4.839836094533867
   0.54720    -4.725176026525668
   0.54900    -4.613229734931723
   0.55080    -4.503933113129355
   0.55260    -4.397223563085939
   0.55440    -4.293039960127887
   0.55620    -4.191322618523774
   0.55800    -4.092013257855776
   0.55980    -3.995054970167411
   0.56160    -3.900392187866419
   0.56340    -3.807970652368908
   0.56520    -3.717737383467590
   0.56700    -3.629640649404386
   0.56880    -3.543629937638348
   0.57060    -3.459655926286098
   0.57240    -3.377670456224546
   0.57420    -3.297626503838957
   0.57600    -3.219478154402378
   0.57780    -3.143180576071636
   0.57960    -3.068689994486462
   0.58140    -2.995963667957469
   0.58320    -2.924959863231402
   0.58500    -2.855637831817548
   0.58680    -2.787957786864759
   0.58860    -2.721880880577787
   0.59040    -2.657369182155067
   0.59220    -2.594385656243814
   0.59400    -2.532894141895392
   0.59580    -2.472859332008959
   0.59760    -2.414246753256455
   0.59940    -2.357022746475224
   0.60120    -2.301154447516796
   0.60300    -2.246609768543717
   0.60480    -2.193357379761229
   0.60660    -2.141366691577939
   0.60840    -2.090607837180958
   0.61020    -2.041051655519777
   0.61200    -1.992669674686098
   0.61380    -1.945434095684284
   0.61560    -1.899317776579901
   0.61740    -1.854294217020902
   0.61920    -1.810337543118123
   0.62100    -1.767422492683224
   0.62280    -1.725524400809952
   0.62460    -1.684619185794878
   0.62640    -1.644683335385588
   0.62820    -1.605693893355031
   0.63000    -1.567628446386404
   0.63180    -1.530465111269663
   0.63360    -1.494182522395127
   0.63540    -1.458759819541910
   0.63720    -1.424176635954932
   0.63900    -1.390413086697029
   0.64080    -1.357449757279650
   0.64260    -1.325267692558141
   0.64440    -1.293848385887886
   0.64620    -1.263173768534909
   0.64800    -1.233226199338544
   0.64980    -1.203988454611782
   0.65160    -1.175443718284352
   0.65340    -1.147575572274429
   0.65520    -1.120367987087612
   0.65700    -1.093805312637475
   0.65880    -1.067872269281933
   0.66060    -1.042553939071045
   0.66240    -1.017835757199181
   0.66420    -0.993703503661036
   0.66600    -0.970143295102144
   0.66780    -0.947141576861643
   0.66960    -0.924685115203827
   0.67140    -0.902760989730478
   0.67320    -0.881356585974657
   0.67500    -0.860459588166362
   0.67680    -0.840057972171371
   0.67860    -0.820139998593428
   0.68040    -0.800694206042829
   0.68220    -0.781709404560349
   0.68400    -0.763174669198508
   0.68580    -0.745079333752852
   0.68760    -0.727412984642184
   0.68940    -0.710165454932543
   0.69120    -0.693326818502138
   0.69300    -0.676887384344305
   0.69480    -0.660837691005023
   0.69660    -0.645168501151394
   0.69840    -0.629870796269083
   0.70020    -0.614935771483127
   0.70200    -0.600354830503713
   0.70380    -0.586119580688260
   0.70560    -0.572221828223940
   0.70740    -0.558653573419976
   0.70920    -0.545407006112786
   0.71100    -0.532474501182367
   0.71280    -0.519848614169138
   0.71460    -0.507522076998823
   0.71640    -0.495487793807126
   0.71820    -0.483738836861658
   0.72000    -0.472268442582191
   0.72180    -0.461070007654962
   0.72360    -0.450137085236246
   0.72540    -0.439463381248251
   0.72720    -0.429042750763342
   0.72900    -0.418869194469274
   0.73080    -0.408936855223541
   0.73260    -0.399240014685809
   0.73440    -0.389773090030276
   0.73620    -0.380530630736908
   0.73800    -0.371507315457675
   0.73980    -0.362697948958068
   0.74160    -0.354097459128688
   0.74340    -0.345700894069711
   0.74520    -0.337503419244367
   0.74700    -0.329500314697029
   0.74880    -0.321686972341251
   0.75060    -0.314058893307889
   0.75240    -0.306611685359304
   0.75420    -0.299341060362446
   0.75600    -0.292242831823364
   0.75780    -0.285312912477931
   0.75960    -0.278547311943056
   0.76140    -0.271942134419323
   0.76320    -0.265493576451714
   0.76500    -0.259197924740295
   0.76680    -0.253051554005523
   0.76860    -0.247050924901648
   0.77040    -0.241192581981409
   0.77220    -0.235473151707222
   0.77400    -0.229889340511136
   0.77580    -0.224437932899013
   0.77760    -0.219115789601743
   0.77940    -0.213919845767485
   0.78120    -0.208847109199084
   0.78300    -0.203894658632775
   0.78480    -0.199059642056199
   0.78660    -0.194339275067579
   0.78840    -0.189730839273938
   0.79020    -0.185231680725817
   0.79200    -0.180839208391559
   0.79380    -0.176550892664640
   0.79560    -0.172364263908298
   0.79740    -0.168276911034937
   0.79920    -0.164286480117637
   0.80100    -0.160390673035904
   0.80280    -0.156587246152329
   0.80460    -0.152874009022153
   0.80640    -0.149248823132142
   0.80820    -0.145709600669308
   0.81000    -0.142254303319200
   0.81180    -0.138880941094177
   0.81360    -0.135587571184859
   0.81540    -0.132372296845551
   0.81720    -0.129233266298989
   0.81900    -0.126168671672655
   0.82080    -0.123176747957476
   0.82260    -0.120255771990907
   0.82440    -0.117404061466120
   0.82620    -0.114619973963581
   0.82800    -0.111901906003808
   0.82980    -0.109248292126907
   0.83160    -0.106657603988758
   0.83340    -0.104128349482790
   0.83520    -0.101659071881066
   0.83700    -0.099248348993619
   0.83880    -0.096894792352309
   0.84060    -0.094597046409461
   0.84240    -0.092353787758759
   0.84420    -0.090163724371450
   0.84600    -0.088025594854946
   0.84780    -0.085938167724864
   0.84960    -0.083900240695733
   0.85140    -0.081910639990213
   0.85320    -0.079968219662030
   0.85500    -0.078071860936646
   0.85680    -0.076220471566568
   0.85860    -0.074412985203720
   0.86040    -0.072648360783933
   0.86220    -0.070925581927828
   0.86400    -0.069243656356344
   0.86580    -0.067601615319202
   0.86760    -0.065998513035614
   0.86940    -0.064433426152188
   0.87120    -0.062905453208417
   0.87300    -0.061413714119896
   0.87480    -0.059957349670858
   0.87660    -0.058535521018177
   0.87840    -0.057147409210545
   0.88020    -0.055792214714190
   0.88200    -0.054469156955506
   0.88380    -0.053177473868882
   0.88560    -0.051916421459053
   0.88740    -0.050685273372908
   0.88920    -0.049483320480492
   0.89100    -0.048309870467067
   0.89280    -0.047164247434361
   0.89460    -0.046045791511284
   0.89640    -0.044953858473562
   0.89820    -0.043887819373500
   0.90000    -0.042847060177209
